-2 0 0 0 0 0 0 0 0 0 0 0 0 0 0 0 0 0 0 0 0 
0 -2 0 0 0 0 0 0 0 0 0 0 0 0 0 0 0 0 0 0 0 
0 0 1 0 0 0 0 0 0 0 0 0 0 0 0 0 0 0 0 0 0 
0 0 0 -1 0 0 0 0 0 0 0 0 0 0 0 0 0 0 0 0 0 
0 0 0 0 -2 0 0 0 0 0 0 0 0 0 0 0 0 0 0 0 0 
0 0 0 0 0 -1 0 0 0 0 0.8 0 0 0 0 1 0 0 0 0 0 
0 0 0 0 0 0 -1 0 0 -0.8 0 0 0 1 0 0 0 0 0 0 0 
0 0 0 0 0 0 0 1.6 0 0 0 0 0 0 0 0 0 0 -1 0 1 
0 0 0 0 0 0 0 0 -2 0 0 0 0 0 2 0 0 0 0 0 0 
0 0 0 0 0 0 0 0 0 2 0 -2 0 0 0 0 0 0 0 0 0 
0 -2 0 0 0 0 0 0 0 0 2 0 0 0 0 0 0 0 0 0 0 
0 0 0 0 2 0 0 0 0 -2 0 0 0 0 0 0 0 0 0 0 0 
0 0 0 0 0 1 0 0 0 0 0.6 0 -1 0 0 0 0 0 0 0 0 
0 0 -1 0 0 0 1 0 0 -0.6 0 0 0 0 0 0 0 0 0 0 0 
2 0 0 0 0 0 0 0 -2 0 0 0 0 0 0 0 0 0 0 0 0 
0 0 0 0 0 0 0 0 0 0 0 0 -1 0 0 0 0 0 0 0 0 
0 0 0 0 0 0 0 2.44929e-16 0 0 0 0 0 0 0 0 -2 0 0 2.44929e-16 0 
0 0 0 0 0 0 0 0 0 0 0 0 0 0 0 0 0 2 0 0 0 
0 0 0 0 0 0 0 2 0 0 0 0 0 0 0 0 0 0 0 0 0 
0 0 0 0 0 0 0 0 0 0 0 0 0 0 0 0 0 0 0 2 0 
