SimpleMeshFormat 1
1
Box01
20
11.2461 9.0666 17.1868
6.231 -6.02415 5.05761
26.1482 13.8092 5.12462
21.1331 -1.28152 -7.00462
26.1482 13.8092 5.12462
21.1331 -1.28152 -7.00462
14.019 26.0242 -5.05761
9.00388 10.9334 -17.1868
14.019 26.0242 -5.05761
9.00388 10.9334 -17.1868
-0.883118 21.2815 7.00462
-5.89823 6.19077 -5.12462
-0.883118 21.2815 7.00462
-5.89823 6.19077 -5.12462
11.2461 9.0666 17.1868
6.231 -6.02415 5.05761
11.2461 9.0666 17.1868
26.1482 13.8092 5.12462
6.231 -6.02415 5.05761
21.1331 -1.28152 -7.00462
12
1 0 1 2 0.606462 -0.610745 0.509111 0.606462 -0.610745 0.509111 0.606462 -0.610745 0.509111 0 0 0 1 1 0
1 1 3 2 0.606462 -0.610745 0.509111 0.606462 -0.610745 0.509111 0.606462 -0.610745 0.509111 0 1 1 1 1 0
2 4 5 6 0.754537 0.240133 -0.610746 0.754537 0.240133 -0.610746 0.754537 0.240133 -0.610746 0 0 0 1 1 0
2 5 7 6 0.754537 0.240133 -0.610746 0.754537 0.240133 -0.610746 0.754537 0.240133 -0.610746 0 1 1 1 1 0
1 8 9 10 -0.606462 0.610745 -0.509111 -0.606462 0.610745 -0.509111 -0.606462 0.610745 -0.509111 0 0 0 1 1 0
1 9 11 10 -0.606462 0.610745 -0.509111 -0.606462 0.610745 -0.509111 -0.606462 0.610745 -0.509111 0 1 1 1 1 0
2 12 13 14 -0.754537 -0.240133 0.610746 -0.754537 -0.240133 0.610746 -0.754537 -0.240133 0.610746 0 0 0 1 1 0
2 13 15 14 -0.754537 -0.240133 0.610746 -0.754537 -0.240133 0.610746 -0.754537 -0.240133 0.610746 0 1 1 1 1 0
3 12 16 6 0.250755 0.754537 0.606462 0.250756 0.754537 0.606462 0.250756 0.754537 0.606462 0 0 0 1 1 0
3 16 17 6 0.250756 0.754537 0.606462 0.250756 0.754537 0.606462 0.250756 0.754537 0.606462 0 1 1 1 1 0
3 18 13 19 -0.250756 -0.754537 -0.606462 -0.250755 -0.754537 -0.606462 -0.250755 -0.754537 -0.606462 0 0 0 1 1 0
3 13 7 19 -0.250755 -0.754537 -0.606462 -0.250755 -0.754537 -0.606462 -0.250755 -0.754537 -0.606462 0 1 1 1 1 0
